% # columns="iteration, evaluation, sigma, axis ratio, bestever, best, median, worst objective function value, further objective values of best", seed=2, Mon Dec 27 11:48:40 2021, <python>{}</python>
1 12 0.1891250321055783 1.0000450010125153 7010.248471792526 7.0102484717925263e+03 7029.497337941536 7520.710505682271   
2 24 0.18344268924889046 1.231081465230319 22.594606871065306 2.2594606871065306e+01 7041.800982171012 7536.4126937909805   
3 36 0.18131063422663748 1.3269468263888697 2.5257076627857042 2.5257076627857042e+00 7016.954747526905 7320.084542168909   
4 48 0.186562772531607 1.292351755148071 2.5257076627857042 5.3555433659470005e+01 7254.8434866181 8634.896491234738   
5 60 0.18040497240024006 1.3632717400209264 2.5257076627857042 2.0927945575387827e+01 7031.1451335530555 7405.441703637822   
6 72 0.16620207636334366 1.3850804899714488 2.5257076627857042 1.2027307741011294e+01 77.3080388161628 7983.917689813812   
7 84 0.15574423186605257 1.3793618375566943 2.5257076627857042 1.2178818983995416e+01 7036.181596490272 8443.016585848685   
8 96 0.161862286723768 1.4028172991506846 2.5257076627857042 3.6988074305455008e+01 84.47660875854278 8460.769638901904   
9 108 0.17529044074633382 1.5031271980668988 2.5257076627857042 3.3987284343540312e+00 81.49292163888553 8175.115632533547   
10 120 0.1780073495695653 1.6377551634252683 2.5257076627857042 1.3432281201350060e+01 7218.0385842194555 8831.06323899381   
11 132 0.17676481021547064 1.683533436881638 2.5257076627857042 1.7242940234665120e+01 7571.958884062115 8394.457441585882   
12 144 0.17682744141194023 1.679135907954063 2.5257076627857042 1.9682624017647793e+01 53.16954435807962 8320.715817073067   
13 156 0.16032594434240707 1.748157567829179 2.5257076627857042 7.2600909278041765e+00 67.92382987269083 7907.770599923806   
14 168 0.15772248458283458 1.811669690767098 2.5257076627857042 7.6393726184697170e+00 37.90843527041172 7445.165070795286   
15 180 0.15844870341954215 1.8908320234228237 2.5257076627857042 1.4527337742322757e+01 7072.643015743617 8902.516431520713   
16 192 0.1443419773467842 1.9040795008239126 2.5257076627857042 1.1501474350711772e+01 54.13899145460914 8420.310643407902   
17 204 0.13613776473121914 1.8959597390967589 2.5257076627857042 2.0130532569682838e+01 60.185229374347195 76.44777549738677   
18 216 0.12403729799650574 1.8949857927738136 2.5257076627857042 8.2302836008574314e+00 66.46778886197241 12293.626483848095   
19 228 0.11830866375969473 2.0418989372427405 0.8147486064000924 8.1474860640009239e-01 58.738039086016855 8634.05791251386   
20 240 0.10986950689116105 2.0992802384596905 0.8147486064000924 3.4398634230795082e+00 7921.829905381643 8796.325303872583   
21 252 0.10456401353570689 2.1685463920234835 0.8147486064000924 1.8401790224598391e+00 21.248232444991984 8778.040710656058   
22 264 0.09781193656285156 2.0657578488076798 0.8147486064000924 1.7935223400352276e+00 54.18574560831897 9028.439301509425   
23 276 0.09123822659402193 2.1405891322344774 0.8147486064000924 1.7399884851333724e+01 7241.731895277866 8638.268590195792   
24 288 0.08780266444871046 2.1172718362260277 0.8147486064000924 2.6276797983363900e+00 38.47462529920351 7812.943001702752   
25 300 0.07793236597376242 2.1530413288184973 0.8147486064000924 2.6200474127425348e+00 25.954605682308898 8039.273560084915   
26 312 0.07824233214791065 2.178795359280926 0.8147486064000924 8.5142608131535036e-01 27.413493031305592 8537.17234804807   
27 324 0.07776766241663671 2.260921699350894 0.6185412728344182 6.1854127283441818e-01 22.337858965701297 8489.702417491679   
28 336 0.07999207734679085 2.388367124680641 0.6185412728344182 6.2405991113714476e-01 14.506585876385348 8606.672664273196   
29 348 0.08029471320545216 2.409107617440496 0.6185412728344182 6.4286028974641818e-01 12.98578478874985 8518.05700382378   
30 360 0.07742534906340821 2.5400468913649474 0.6070234434381445 6.0702344343814452e-01 10.640573982196104 8339.51333846353   
31 372 0.07297582298268604 2.589825553973467 0.6070234434381445 6.5228421749999776e-01 9.640844072665285 8084.768323901747   
32 384 0.06835675978972582 2.6586060567054024 0.6070234434381445 6.4413553036244731e-01 13.957853990501109 8063.090840694701   
33 396 0.06845456936036558 2.7002583800540996 0.6070234434381445 6.2105023824082584e-01 7657.534837847993 8320.0127692028   
34 408 0.07910395230164381 2.7130999571391086 0.5780797780448066 5.7807977804480659e-01 8.083883188317822 8315.509229818179   
35 420 0.08562545929109701 3.2204813089299775 0.5541670038925111 5.5416700389251106e-01 3.7473089790715317 7454.901206058569   
36 432 0.07941354621458567 3.45490853427895 0.5541670038925111 5.7946692135970290e-01 14.490486804322577 8003.09742799548   
37 444 0.06743769039385843 3.5980633426851436 0.5541670038925111 5.7378734852755353e-01 9.928699302835147 8294.003531749091   
38 456 0.0656475229379572 3.513219247997224 0.5541670038925111 5.5975353048951104e-01 3.1109939996079277 8718.224071727878   
39 468 0.06531470302793857 3.5571140485169908 0.5541670038925111 5.8272624470159351e-01 2.42654334939801 7697.4197479454815   
40 480 0.05850519523294879 3.6182605603648046 0.5541670038925111 5.6005972025240858e-01 7.736101786794161 8227.886821050122   
41 492 0.053873067218378555 3.630592892188654 0.5541670038925111 5.5824680192886289e-01 2.715429570584604 8264.944815351433   
42 504 0.05078751272425379 3.620226803362169 0.5541670038925111 6.2198982545039483e-01 3.5972357403641086 8374.322950513671   
43 516 0.046013780096265056 3.7724017891895794 0.5541670038925111 5.9986766235875966e-01 2.2929108063705197 7893.566373978244   
44 528 0.049856053624250364 3.752192338114164 0.5541670038925111 5.5517779606986017e-01 0.6979116012125569 12.24407880766001   
45 540 0.04940930363810227 3.7627685773936994 0.5358710638731511 5.3587106387315109e-01 1.613892180342603 10.685834267076658   
46 552 0.04938748714834791 3.9561684211417063 0.5358710638731511 5.4747162956614714e-01 0.8304513010655661 6.7041880600151185   
47 564 0.04774758568760142 4.029397300480885 0.5358710638731511 5.3743780824924448e-01 0.9977758247865627 8009.263880754345   
48 576 0.044389850168943264 4.172607817464774 0.5347401035023872 5.3474010350238721e-01 1.6834268347839658 7.3766196278684095   
49 588 0.03887054404247014 4.5088782239170415 0.5322541607307624 5.3225416073076237e-01 1.4165375582249946 18.521698875234772   
50 600 0.038035943571659174 4.7578277536884634 0.5322541607307624 5.3729841620742358e-01 0.5669435887896617 5.888108236717318   
51 612 0.0365641830104717 4.697146904533296 0.5322541607307624 5.5485654706474929e-01 1.200731982895086 2.929527854318043   
52 624 0.038957203362007094 4.755964024861584 0.5322541607307624 5.5209696184905677e-01 0.5737337110225466 2.0613356231517357   
53 636 0.03867799730635313 4.771248682994101 0.5322541607307624 5.4497971922056943e-01 0.6966084931078775 2.7467618972654755   
54 648 0.03687113446974551 4.866928929652669 0.5322541607307624 5.3775204290841838e-01 0.715110685650758 4.119573169867851   
55 660 0.03515406619373033 4.919814976964587 0.5322541607307624 5.3527780257419089e-01 0.9221495693387397 2.168433860067522   
56 672 0.03104551017989286 5.163821260070595 0.5322541607307624 5.3867439283603546e-01 0.659067168402701 7941.862064547864   
57 684 0.030676248372005523 5.190963094589017 0.5295534788366077 5.2955347883660775e-01 0.6098691184360449 5.122835323643368   
58 696 0.03093997412738519 5.340468318928058 0.5295534788366077 5.4409072227002619e-01 0.5691092598488818 1.622181623581377   
59 708 0.02848645532548514 5.549495692575117 0.5295534788366077 5.3822399538746790e-01 0.5624720217680353 0.8312199492468813   
60 720 0.028509683127733654 5.752895843619148 0.5295534788366077 5.3461142345072554e-01 0.5544484620417695 2.2393203044419323   
61 732 0.027274200125085055 5.847587957235197 0.5295534788366077 5.3186327976608661e-01 0.9677461149852931 8537.592667329725   
62 744 0.027718641210373547 6.017474192013118 0.5295534788366077 5.3223766610770218e-01 1.984526755444826 8457.689140059896   
63 756 0.027016712885147752 6.267168531197521 0.5295534788366077 5.3642444256445510e-01 1.1091145101532014 8246.43005229995   
64 768 0.026644276279297552 6.5439411355639505 0.5295534788366077 5.4021587908677726e-01 0.9631761331682359 2.3051274891932425   
65 780 0.024849082311632353 6.4889687942796535 0.5295534788366077 5.3799644781585321e-01 0.5600461981079261 1.4662926582151674   
66 792 0.02314119329515507 6.58933692553933 0.5295534788366077 5.3173047099504989e-01 0.5648561543883683 0.8434551494603015   
67 804 0.021780900846279778 6.592503398420189 0.5295534788366077 5.2995492525214527e-01 0.7236652028241539 8497.377228606134   
68 816 0.022365951083095515 6.68282720832163 0.5295534788366077 5.3934378417028972e-01 1.0679738305112387 3.3435195912189624   
69 828 0.02263532787398982 6.905792191823057 0.5295534788366077 5.3560302190117726e-01 0.5449689639544008 0.6577590637467154   
70 840 0.02250612093416407 7.114075980558961 0.5295534788366077 5.3087549754470598e-01 0.5447582074901954 1.1432813844490732   
71 852 0.021056463980879493 7.16663454765457 0.5295534788366077 5.3843138846604499e-01 0.5445508832208107 1.3597208055458303   
72 864 0.019813361343123923 7.381645931057706 0.5295534788366077 5.3237376774177603e-01 0.5377339613745843 0.587463274251625   
73 876 0.017541499502974487 7.434758459528536 0.5295534788366077 5.3031606513804497e-01 0.6162454228766588 2.155695625790285   
74 888 0.01725056361690702 7.342559122153796 0.5295534788366077 5.2975918102038155e-01 0.5421578547889051 1.5255397152972727   
75 900 0.016385339119455517 7.722060415309505 0.5295534788366077 5.3155237302601144e-01 0.5374736987647432 1.6797956472296645   
76 912 0.017964721184173017 7.924636427968714 0.5289898008717343 5.2898980087173431e-01 0.5384968352984174 2.1277620311176135   
77 924 0.01806513997904597 8.431216622579635 0.5289898008717343 5.2918521757315362e-01 0.5593283542836387 1.0736469957437191   
78 936 0.01620783951267941 8.404016534418467 0.5257091137089049 5.2570911370890494e-01 0.5902280142020591 2.0155623746142597   
79 948 0.01570961974037266 8.78152704658755 0.5257091137089049 5.2652946617801388e-01 0.5337575396941976 1.8609562050151895   
80 960 0.015318489143327873 9.111469300534115 0.5244955935812012 5.2449559358120124e-01 0.6737334869336765 1.8935899293734397   
81 972 0.014919326657197262 9.310242748785527 0.5244955935812012 5.2513598565940189e-01 0.5328818850771351 0.713001855396019   
82 984 0.015316958146642615 9.60994186624449 0.5244955935812012 5.2596676710357826e-01 0.531708561474487 1.0880553411945582   
83 996 0.014675856485999896 10.089670552376232 0.5244955935812012 5.2595138101508521e-01 0.5297173735095986 0.7949942381216228   
84 1008 0.013422858298891295 10.267730099233317 0.5243248612742555 5.2432486127425548e-01 0.527723908158065 0.5327668654262745   
85 1020 0.01356025577919306 10.507584833594274 0.5243248612742555 5.2434641233371626e-01 0.5397278819498624 0.8013299549664648   
86 1032 0.014127532886227518 10.647907846346193 0.5229148436153792 5.2291484361537921e-01 0.5284927694357189 0.8051271870699588   
87 1044 0.016267742757520867 11.070067106677524 0.5222957862532017 5.2229578625320172e-01 0.5611287224264542 0.7651478970932682   
88 1056 0.017867508449608886 12.388358159571457 0.5222957862532017 5.2368788752692597e-01 0.5273707317475818 2.4454163365774333   
89 1068 0.017629354477866517 12.82052853677059 0.5219677728799932 5.2196777287999319e-01 0.5277972645266352 2.9811969499667823   
90 1080 0.01739763088550776 13.73619193103612 0.5190423239858217 5.1904232398582173e-01 0.5498226973046013 1.9113964121636002   
91 1092 0.017406387543553534 14.035373979579278 0.5190423239858217 5.2602312551384534e-01 0.5530653324462398 2.0071182707175135   
92 1104 0.020017855757465407 13.585600016942973 0.5190423239858217 5.2026096437456637e-01 0.5274244324934503 2.3036744508246   
93 1116 0.020245545864571095 14.852075185265944 0.5170782052533041 5.1707820525330406e-01 0.7765357956722477 2.36725359450768   
94 1128 0.020860765714686202 14.971793192869534 0.5155607357118176 5.1556073571181760e-01 0.6634008929907882 1.2282520221176532   
95 1140 0.02249384320979333 15.66691393996869 0.51493831558915 5.1493831558915004e-01 1.5105857322608114 3.489240008755261   
96 1152 0.021547277277603093 17.43976162167587 0.51493831558915 5.1810477376016228e-01 1.786705566846175 5.420486966783673   
97 1164 0.019765225175409917 17.92759694854574 0.51493831558915 5.1562766980734642e-01 0.679220214389529 3.4527604609922653   
98 1176 0.019607300631385095 18.782318564897466 0.5146006550995769 5.1460065509957686e-01 2.26644975848845 3.9364680382752173   
99 1188 0.01813050176354342 19.716029093650288 0.5139990020614905 5.1399900206149052e-01 0.6679578938721306 4.559296293956449   
100 1200 0.016287301618635428 19.775141326752287 0.5139990020614905 5.1616720517331383e-01 3.862079019648915 4.956248614386928   
